alpha=25.000000
beta=0.100000
ntopics=2
ndocs=2720
nwords=34
liter=1000
